# mu sigma value error
-0.05	0.00001	9.51E-07	6.09E-09
-0.05	1.34138E-05	9.61E-07	6.20E-09
-0.05	1.79929E-05	9.70E-07	6.17E-09
-0.05	2.41353E-05	9.67E-07	6.41E-09
-0.05	3.23745E-05	9.58E-07	6.25E-09
-0.05	4.34264E-05	9.71E-07	6.23E-09
-0.05	5.82511E-05	9.54E-07	6.11E-09
-0.05	7.81367E-05	9.61E-07	6.30E-09
-0.05	0.000104811	9.65E-07	6.20E-09
-0.05	0.000140591	9.72E-07	6.44E-09
-0.05	0.000188585	9.66E-07	6.24E-09
-0.05	0.000252963	9.54E-07	6.11E-09
-0.05	0.000339319	9.57E-07	6.12E-09
-0.05	0.000455155	9.61E-07	6.12E-09
-0.05	0.000610534	9.66E-07	6.06E-09
-0.05	0.000818956	9.62E-07	6.28E-09
-0.05	0.001098528	9.53E-07	6.22E-09
-0.05	0.001473539	9.64E-07	6.19E-09
-0.05	0.001976571	9.65E-07	6.37E-09
-0.05	0.002651326	9.62E-07	6.32E-09
-0.05	0.003556426	9.60E-07	6.27E-09
-0.05	0.004770506	9.71E-07	6.25E-09
-0.05	0.006399045	9.76E-07	6.16E-09
-0.05	0.008583529	9.79E-07	6.48E-09
-0.05	0.011513744	1.02E-06	7.24E-09
-0.05	0.015444265	1.44E-06	1.36E-07
-0.05	0.020716574	4.04E-06	3.73E-07
-0.05	0.027788725	8.32E-06	3.98E-07
-0.05	0.037275143	1.3653E-05	6.11E-07
-0.05	0.05	1.70514E-05	7.69E-07

-0.037275143	0.00001	1.29E-06	8.39E-09
-0.037275143	1.34138E-05	1.29E-06	8.05E-09
-0.037275143	1.79929E-05	1.27E-06	7.82E-09
-0.037275143	2.41353E-05	1.28E-06	8.42E-09
-0.037275143	3.23745E-05	1.30E-06	8.50E-09
-0.037275143	4.34264E-05	1.30E-06	8.30E-09
-0.037275143	5.82511E-05	1.28E-06	8.36E-09
-0.037275143	7.81367E-05	1.30E-06	8.44E-09
-0.037275143	0.000104811	1.27E-06	8.31E-09
-0.037275143	0.000140591	1.28E-06	8.21E-09
-0.037275143	0.000188585	1.30E-06	8.61E-09
-0.037275143	0.000252963	1.29E-06	8.31E-09
-0.037275143	0.000339319	1.28E-06	8.36E-09
-0.037275143	0.000455155	1.30E-06	8.33E-09
-0.037275143	0.000610534	1.29E-06	8.42E-09
-0.037275143	0.000818956	1.28E-06	8.25E-09
-0.037275143	0.001098528	1.28E-06	8.23E-09
-0.037275143	0.001473539	1.29E-06	8.39E-09
-0.037275143	0.001976571	1.29E-06	8.52E-09
-0.037275143	0.002651326	1.30E-06	8.73E-09
-0.037275143	0.003556426	1.30E-06	8.67E-09
-0.037275143	0.004770506	1.31E-06	8.40E-09
-0.037275143	0.006399045	1.33E-06	8.86E-09
-0.037275143	0.008583529	1.38E-06	1.09E-08
-0.037275143	0.011513744	1.76E-06	4.94E-08
-0.037275143	0.015444265	4.67E-06	3.78E-07
-0.037275143	0.020716574	1.034E-05	4.36E-07
-0.037275143	0.027788725	1.79777E-05	7.98E-07
-0.037275143	0.037275143	2.06063E-05	9.08E-07
-0.037275143	0.05	2.28814E-05	1.20E-06

-0.027788725	0.00001	1.74E-06	1.16E-08
-0.027788725	1.34138E-05	1.74E-06	1.12E-08
-0.027788725	1.79929E-05	1.72E-06	1.12E-08
-0.027788725	2.41353E-05	1.73E-06	1.10E-08
-0.027788725	3.23745E-05	1.72E-06	1.08E-08
-0.027788725	4.34264E-05	1.74E-06	1.13E-08
-0.027788725	5.82511E-05	1.72E-06	1.09E-08
-0.027788725	7.81367E-05	1.72E-06	1.13E-08
-0.027788725	0.000104811	1.74E-06	1.10E-08
-0.027788725	0.000140591	1.72E-06	1.08E-08
-0.027788725	0.000188585	1.71E-06	1.09E-08
-0.027788725	0.000252963	1.74E-06	1.14E-08
-0.027788725	0.000339319	1.73E-06	1.15E-08
-0.027788725	0.000455155	1.73E-06	1.11E-08
-0.027788725	0.000610534	1.74E-06	1.10E-08
-0.027788725	0.000818956	1.74E-06	1.09E-08
-0.027788725	0.001098528	1.74E-06	1.14E-08
-0.027788725	0.001473539	1.74E-06	1.12E-08
-0.027788725	0.001976571	1.75E-06	1.13E-08
-0.027788725	0.002651326	1.73E-06	1.15E-08
-0.027788725	0.003556426	1.76E-06	1.15E-08
-0.027788725	0.004770506	1.80E-06	1.16E-08
-0.027788725	0.006399045	1.88E-06	1.32E-08
-0.027788725	0.008583529	2.26E-06	5.35E-08
-0.027788725	0.011513744	7.21E-06	7.73E-07
-0.027788725	0.015444265	1.53464E-05	7.36E-07
-0.027788725	0.020716574	2.3856E-05	9.70E-07
-0.027788725	0.027788725	2.97576E-05	1.30E-06
-0.027788725	0.037275143	2.90396E-05	1.18E-06
-0.027788725	0.05	2.84152E-05	1.37E-06

-0.020716574	0.00001	2.31E-06	1.58E-08
-0.020716574	1.34138E-05	2.33E-06	1.51E-08
-0.020716574	1.79929E-05	2.33E-06	1.51E-08
-0.020716574	2.41353E-05	2.32E-06	1.47E-08
-0.020716574	3.23745E-05	2.33E-06	1.52E-08
-0.020716574	4.34264E-05	2.31E-06	1.42E-08
-0.020716574	5.82511E-05	2.34E-06	1.57E-08
-0.020716574	7.81367E-05	2.33E-06	1.46E-08
-0.020716574	0.000104811	2.31E-06	1.47E-08
-0.020716574	0.000140591	2.31E-06	1.54E-08
-0.020716574	0.000188585	2.31E-06	1.49E-08
-0.020716574	0.000252963	2.33E-06	1.55E-08
-0.020716574	0.000339319	2.33E-06	1.46E-08
-0.020716574	0.000455155	2.30E-06	1.50E-08
-0.020716574	0.000610534	2.35E-06	1.50E-08
-0.020716574	0.000818956	2.31E-06	1.52E-08
-0.020716574	0.001098528	2.33E-06	1.49E-08
-0.020716574	0.001473539	2.33E-06	1.53E-08
-0.020716574	0.001976571	2.34E-06	1.49E-08
-0.020716574	0.002651326	2.37E-06	1.60E-08
-0.020716574	0.003556426	2.39E-06	1.52E-08
-0.020716574	0.004770506	2.48E-06	1.79E-08
-0.020716574	0.006399045	3.05E-06	6.37E-08
-0.020716574	0.008583529	9.48E-06	9.46E-07
-0.020716574	0.011513744	1.9796E-05	1.08E-06
-0.020716574	0.015444265	2.97409E-05	1.27E-06
-0.020716574	0.020716574	3.55312E-05	1.36E-06
-0.020716574	0.027788725	3.55199E-05	1.25E-06
-0.020716574	0.037275143	3.30307E-05	1.23E-06
-0.020716574	0.05	2.91422E-05	1.16E-06

-0.015444265	0.00001	3.09E-06	1.96E-08
-0.015444265	1.34138E-05	3.12E-06	2.06E-08
-0.015444265	1.79929E-05	3.12E-06	2.07E-08
-0.015444265	2.41353E-05	3.08E-06	2.05E-08
-0.015444265	3.23745E-05	3.14E-06	1.90E-08
-0.015444265	4.34264E-05	3.14E-06	1.98E-08
-0.015444265	5.82511E-05	3.10E-06	2.04E-08
-0.015444265	7.81367E-05	3.13E-06	2.02E-08
-0.015444265	0.000104811	3.13E-06	2.04E-08
-0.015444265	0.000140591	3.08E-06	2.06E-08
-0.015444265	0.000188585	3.10E-06	1.99E-08
-0.015444265	0.000252963	3.13E-06	2.03E-08
-0.015444265	0.000339319	3.14E-06	2.08E-08
-0.015444265	0.000455155	3.05E-06	1.89E-08
-0.015444265	0.000610534	3.16E-06	2.07E-08
-0.015444265	0.000818956	3.11E-06	2.08E-08
-0.015444265	0.001098528	3.13E-06	2.07E-08
-0.015444265	0.001473539	3.12E-06	2.08E-08
-0.015444265	0.001976571	3.17E-06	2.10E-08
-0.015444265	0.002651326	3.19E-06	2.05E-08
-0.015444265	0.003556426	3.31E-06	2.22E-08
-0.015444265	0.004770506	4.72E-06	2.94E-07
-0.015444265	0.006399045	1.04308E-05	5.78E-07
-0.015444265	0.008583529	2.51367E-05	1.26E-06
-0.015444265	0.011513744	3.88468E-05	1.61E-06
-0.015444265	0.015444265	4.82247E-05	1.96E-06
-0.015444265	0.020716574	4.65944E-05	1.68E-06
-0.015444265	0.027788725	4.35081E-05	1.67E-06
-0.015444265	0.037275143	3.42526E-05	1.07E-06
-0.015444265	0.05	2.89394E-05	8.42E-07

-0.011513744	0.00001	4.15E-06	2.68E-08
-0.011513744	1.34138E-05	4.19E-06	2.77E-08
-0.011513744	1.79929E-05	4.18E-06	2.79E-08
-0.011513744	2.41353E-05	4.15E-06	2.66E-08
-0.011513744	3.23745E-05	4.15E-06	2.76E-08
-0.011513744	4.34264E-05	4.14E-06	2.63E-08
-0.011513744	5.82511E-05	4.17E-06	2.60E-08
-0.011513744	7.81367E-05	4.20E-06	2.65E-08
-0.011513744	0.000104811	4.20E-06	2.68E-08
-0.011513744	0.000140591	4.15E-06	2.77E-08
-0.011513744	0.000188585	4.17E-06	2.70E-08
-0.011513744	0.000252963	4.17E-06	2.66E-08
-0.011513744	0.000339319	4.19E-06	2.66E-08
-0.011513744	0.000455155	4.15E-06	2.73E-08
-0.011513744	0.000610534	4.21E-06	2.67E-08
-0.011513744	0.000818956	4.14E-06	2.62E-08
-0.011513744	0.001098528	4.22E-06	2.81E-08
-0.011513744	0.001473539	4.24E-06	2.72E-08
-0.011513744	0.001976571	4.27E-06	2.87E-08
-0.011513744	0.002651326	4.44E-06	2.98E-08
-0.011513744	0.003556426	5.89E-06	2.09E-07
-0.011513744	0.004770506	1.37169E-05	7.46E-07
-0.011513744	0.006399045	3.4466E-05	1.67E-06
-0.011513744	0.008583529	4.57713E-05	1.27E-06
-0.011513744	0.011513744	5.97256E-05	2.02E-06
-0.011513744	0.015444265	5.81501E-05	1.68E-06
-0.011513744	0.020716574	4.99926E-05	1.37E-06
-0.011513744	0.027788725	4.55342E-05	1.44E-06
-0.011513744	0.037275143	3.99144E-05	1.50E-06
-0.011513744	0.05	3.11795E-05	1.11E-06

-0.008583529	0.00001	5.58E-06	3.61E-08
-0.008583529	1.34138E-05	5.53E-06	3.68E-08
-0.008583529	1.79929E-05	5.67E-06	3.59E-08
-0.008583529	2.41353E-05	5.58E-06	3.59E-08
-0.008583529	3.23745E-05	5.54E-06	3.57E-08
-0.008583529	4.34264E-05	5.57E-06	3.58E-08
-0.008583529	5.82511E-05	5.54E-06	3.70E-08
-0.008583529	7.81367E-05	5.52E-06	3.53E-08
-0.008583529	0.000104811	5.62E-06	3.57E-08
-0.008583529	0.000140591	5.56E-06	3.47E-08
-0.008583529	0.000188585	5.56E-06	3.58E-08
-0.008583529	0.000252963	5.70E-06	3.75E-08
-0.008583529	0.000339319	5.61E-06	3.63E-08
-0.008583529	0.000455155	5.58E-06	3.52E-08
-0.008583529	0.000610534	5.61E-06	3.65E-08
-0.008583529	0.000818956	5.66E-06	3.77E-08
-0.008583529	0.001098528	5.68E-06	3.74E-08
-0.008583529	0.001473539	5.80E-06	3.83E-08
-0.008583529	0.001976571	5.97E-06	3.62E-08
-0.008583529	0.002651326	7.52E-06	2.48E-07
-0.008583529	0.003556426	1.73325E-05	8.85E-07
-0.008583529	0.004770506	3.98838E-05	1.82E-06
-0.008583529	0.006399045	6.42678E-05	2.01E-06
-0.008583529	0.008583529	7.60855E-05	2.33E-06
-0.008583529	0.011513744	7.61547E-05	2.32E-06
-0.008583529	0.015444265	7.04741E-05	2.20E-06
-0.008583529	0.020716574	5.73389E-05	1.63E-06
-0.008583529	0.027788725	4.65941E-05	1.55E-06
-0.008583529	0.037275143	3.7605E-05	1.19E-06
-0.008583529	0.05	3.06017E-05	1.06E-06

-0.006399045	0.00001	7.51E-06	4.99E-08
-0.006399045	1.34138E-05	7.57E-06	4.96E-08
-0.006399045	1.79929E-05	7.55E-06	4.78E-08
-0.006399045	2.41353E-05	7.56E-06	4.94E-08
-0.006399045	3.23745E-05	7.52E-06	4.81E-08
-0.006399045	4.34264E-05	7.47E-06	4.63E-08
-0.006399045	5.82511E-05	7.49E-06	4.98E-08
-0.006399045	7.81367E-05	7.40E-06	4.77E-08
-0.006399045	0.000104811	7.52E-06	4.84E-08
-0.006399045	0.000140591	7.55E-06	4.88E-08
-0.006399045	0.000188585	7.50E-06	5.00E-08
-0.006399045	0.000252963	7.56E-06	4.81E-08
-0.006399045	0.000339319	7.41E-06	4.80E-08
-0.006399045	0.000455155	7.54E-06	4.96E-08
-0.006399045	0.000610534	7.62E-06	4.92E-08
-0.006399045	0.000818956	7.68E-06	5.17E-08
-0.006399045	0.001098528	7.82E-06	5.16E-08
-0.006399045	0.001473539	8.00E-06	5.08E-08
-0.006399045	0.001976571	9.63E-06	1.70E-07
-0.006399045	0.002651326	2.4543E-05	1.43E-06
-0.006399045	0.003556426	5.20544E-05	2.09E-06
-0.006399045	0.004770506	8.08168E-05	2.47E-06
-0.006399045	0.006399045	9.91509E-05	2.85E-06
-0.006399045	0.008583529	9.84654E-05	2.68E-06
-0.006399045	0.011513744	8.57907E-05	2.56E-06
-0.006399045	0.015444265	7.38363E-05	2.00E-06
-0.006399045	0.020716574	6.06014E-05	1.79E-06
-0.006399045	0.027788725	4.9547E-05	1.72E-06
-0.006399045	0.037275143	4.14454E-05	1.49E-06
-0.006399045	0.05	2.95338E-05	6.81E-07

-0.004770506	0.00001	9.97E-06	6.25E-08
-0.004770506	1.34138E-05	1.00177E-05	6.50E-08
-0.004770506	1.79929E-05	1.00E-05	6.45E-08
-0.004770506	2.41353E-05	1.00177E-05	6.39E-08
-0.004770506	3.23745E-05	1.00381E-05	6.40E-08
-0.004770506	4.34264E-05	1.00741E-05	6.41E-08
-0.004770506	5.82511E-05	9.99E-06	6.51E-08
-0.004770506	7.81367E-05	1.00721E-05	6.72E-08
-0.004770506	0.000104811	1.01179E-05	6.51E-08
-0.004770506	0.000140591	1.01096E-05	6.30E-08
-0.004770506	0.000188585	1.01159E-05	6.47E-08
-0.004770506	0.000252963	1.00666E-05	6.54E-08
-0.004770506	0.000339319	1.01138E-05	6.55E-08
-0.004770506	0.000455155	1.01579E-05	6.42E-08
-0.004770506	0.000610534	1.02485E-05	6.50E-08
-0.004770506	0.000818956	1.03336E-05	6.52E-08
-0.004770506	0.001098528	1.09552E-05	2.39E-07
-0.004770506	0.001473539	1.3029E-05	3.44E-07
-0.004770506	0.001976571	3.10717E-05	1.39E-06
-0.004770506	0.002651326	6.74254E-05	2.35E-06
-0.004770506	0.003556426	0.000102407	2.77E-06
-0.004770506	0.004770506	0.000122991	3.29E-06
-0.004770506	0.006399045	0.000118187	2.94E-06
-0.004770506	0.008583529	0.000111762	2.83E-06
-0.004770506	0.011513744	9.28708E-05	2.34E-06
-0.004770506	0.015444265	8.10159E-05	2.19E-06
-0.004770506	0.020716574	6.3559E-05	1.87E-06
-0.004770506	0.027788725	5.13016E-05	1.63E-06
-0.004770506	0.037275143	4.13029E-05	1.36E-06
-0.004770506	0.05	3.12735E-05	1.01E-06

-0.003556426	0.00001	1.34399E-05	8.92E-08
-0.003556426	1.34138E-05	1.34429E-05	8.83E-08
-0.003556426	1.79929E-05	1.34774E-05	8.69E-08
-0.003556426	2.41353E-05	1.35933E-05	8.81E-08
-0.003556426	3.23745E-05	1.34625E-05	8.69E-08
-0.003556426	4.34264E-05	1.34266E-05	9.29E-08
-0.003556426	5.82511E-05	1.34409E-05	8.71E-08
-0.003556426	7.81367E-05	1.357E-05	8.62E-08
-0.003556426	0.000104811	1.33951E-05	8.61E-08
-0.003556426	0.000140591	1.34851E-05	8.71E-08
-0.003556426	0.000188585	1.34909E-05	8.81E-08
-0.003556426	0.000252963	1.35996E-05	8.54E-08
-0.003556426	0.000339319	1.35382E-05	8.83E-08
-0.003556426	0.000455155	1.35715E-05	8.60E-08
-0.003556426	0.000610534	1.37921E-05	9.05E-08
-0.003556426	0.000818956	1.43747E-05	9.53E-08
-0.003556426	0.001098528	1.72988E-05	3.47E-07
-0.003556426	0.001473539	3.97275E-05	1.59E-06
-0.003556426	0.001976571	8.43983E-05	2.56E-06
-0.003556426	0.002651326	0.000129118	3.30E-06
-0.003556426	0.003556426	0.00015292	3.42E-06
-0.003556426	0.004770506	0.000151598	3.23E-06
-0.003556426	0.006399045	0.000139357	3.12E-06
-0.003556426	0.008583529	0.000118663	2.90E-06
-0.003556426	0.011513744	0.00010276	2.67E-06
-0.003556426	0.015444265	7.87711E-05	2.15E-06
-0.003556426	0.020716574	6.23604E-05	1.85E-06
-0.003556426	0.027788725	5.18311E-05	1.73E-06
-0.003556426	0.037275143	3.97009E-05	1.17E-06
-0.003556426	0.05	3.2307E-05	1.09E-06

-0.002651326	0.00001	1.81227E-05	1.16E-07
-0.002651326	1.34138E-05	1.83318E-05	1.19E-07
-0.002651326	1.79929E-05	1.80741E-05	1.21E-07
-0.002651326	2.41353E-05	1.79925E-05	1.19E-07
-0.002651326	3.23745E-05	1.79083E-05	1.18E-07
-0.002651326	4.34264E-05	1.82513E-05	1.16E-07
-0.002651326	5.82511E-05	1.82194E-05	1.13E-07
-0.002651326	7.81367E-05	1.80292E-05	1.15E-07
-0.002651326	0.000104811	1.80746E-05	1.15E-07
-0.002651326	0.000140591	1.81342E-05	1.21E-07
-0.002651326	0.000188585	1.81202E-05	1.22E-07
-0.002651326	0.000252963	1.80429E-05	1.17E-07
-0.002651326	0.000339319	1.82956E-05	1.16E-07
-0.002651326	0.000455155	1.88753E-05	1.19E-07
-0.002651326	0.000610534	1.94341E-05	1.34E-07
-0.002651326	0.000818956	2.38859E-05	6.46E-07
-0.002651326	0.001098528	5.25628E-05	2.00E-06
-0.002651326	0.001473539	0.000117222	3.40E-06
-0.002651326	0.001976571	0.000160439	3.57E-06
-0.002651326	0.002651326	0.000187872	3.71E-06
-0.002651326	0.003556426	0.000190205	3.75E-06
-0.002651326	0.004770506	0.000176078	3.62E-06
-0.002651326	0.006399045	0.000150612	3.01E-06
-0.002651326	0.008583529	0.000124738	2.89E-06
-0.002651326	0.011513744	0.000102605	2.74E-06
-0.002651326	0.015444265	8.26317E-05	2.16E-06
-0.002651326	0.020716574	6.40046E-05	1.63E-06
-0.002651326	0.027788725	4.88248E-05	1.31E-06
-0.002651326	0.037275143	4.01761E-05	1.35E-06
-0.002651326	0.05	3.24512E-05	1.17E-06

-0.001976571	0.00001	2.42422E-05	1.57E-07
-0.001976571	1.34138E-05	2.44378E-05	1.57E-07
-0.001976571	1.79929E-05	2.4316E-05	1.57E-07
-0.001976571	2.41353E-05	2.44629E-05	1.56E-07
-0.001976571	3.23745E-05	2.41815E-05	1.55E-07
-0.001976571	4.34264E-05	2.45399E-05	1.56E-07
-0.001976571	5.82511E-05	2.41039E-05	1.56E-07
-0.001976571	7.81367E-05	2.43113E-05	1.57E-07
-0.001976571	0.000104811	2.41281E-05	1.57E-07
-0.001976571	0.000140591	2.47762E-05	1.61E-07
-0.001976571	0.000188585	2.46471E-05	1.58E-07
-0.001976571	0.000252963	2.47388E-05	1.56E-07
-0.001976571	0.000339319	2.4872E-05	1.68E-07
-0.001976571	0.000455155	2.59766E-05	1.70E-07
-0.001976571	0.000610534	3.18116E-05	9.45E-07
-0.001976571	0.000818956	6.77561E-05	2.15E-06
-0.001976571	0.001098528	0.000140181	3.63E-06
-0.001976571	0.001473539	0.00020723	4.08E-06
-0.001976571	0.001976571	0.000240746	4.60E-06
-0.001976571	0.002651326	0.000239534	4.47E-06
-0.001976571	0.003556426	0.000221947	4.29E-06
-0.001976571	0.004770506	0.000189513	3.71E-06
-0.001976571	0.006399045	0.000161202	3.59E-06
-0.001976571	0.008583529	0.000128744	2.87E-06
-0.001976571	0.011513744	0.000109127	3.09E-06
-0.001976571	0.015444265	8.34923E-05	2.18E-06
-0.001976571	0.020716574	6.40325E-05	1.73E-06
-0.001976571	0.027788725	5.13213E-05	1.60E-06
-0.001976571	0.037275143	4.34719E-05	1.50E-06
-0.001976571	0.05	3.23955E-05	1.23E-06

-0.001473539	0.00001	3.23132E-05	2.09E-07
-0.001473539	1.34138E-05	3.26476E-05	2.00E-07
-0.001473539	1.79929E-05	3.27331E-05	2.09E-07
-0.001473539	2.41353E-05	3.27553E-05	2.09E-07
-0.001473539	3.23745E-05	3.23892E-05	2.11E-07
-0.001473539	4.34264E-05	3.23667E-05	2.08E-07
-0.001473539	5.82511E-05	3.27305E-05	2.13E-07
-0.001473539	7.81367E-05	3.22978E-05	2.09E-07
-0.001473539	0.000104811	3.27455E-05	2.02E-07
-0.001473539	0.000140591	3.29496E-05	2.05E-07
-0.001473539	0.000188585	3.31203E-05	2.04E-07
-0.001473539	0.000252963	3.37315E-05	2.13E-07
-0.001473539	0.000339319	3.45456E-05	2.40E-07
-0.001473539	0.000455155	4.1245E-05	6.10E-07
-0.001473539	0.000610534	8.30459E-05	2.52E-06
-0.001473539	0.000818956	0.000169839	3.73E-06
-0.001473539	0.001098528	0.000264374	4.96E-06
-0.001473539	0.001473539	0.000314849	5.61E-06
-0.001473539	0.001976571	0.000305312	5.04E-06
-0.001473539	0.002651326	0.000284179	5.09E-06
-0.001473539	0.003556426	0.000244313	4.47E-06
-0.001473539	0.004770506	0.000208141	3.95E-06
-0.001473539	0.006399045	0.000164915	3.40E-06
-0.001473539	0.008583529	0.000127557	2.73E-06
-0.001473539	0.011513744	0.000100707	2.11E-06
-0.001473539	0.015444265	8.28753E-05	1.96E-06
-0.001473539	0.020716574	6.53075E-05	1.93E-06
-0.001473539	0.027788725	5.5582E-05	2.05E-06
-0.001473539	0.037275143	4.22994E-05	1.33E-06
-0.001473539	0.05	3.33941E-05	1.17E-06

-0.001098528	0.00001	4.33436E-05	2.82E-07
-0.001098528	1.34138E-05	4.40292E-05	2.88E-07
-0.001098528	1.79929E-05	4.38013E-05	2.75E-07
-0.001098528	2.41353E-05	4.38986E-05	2.80E-07
-0.001098528	3.23745E-05	4.33042E-05	2.72E-07
-0.001098528	4.34264E-05	4.32523E-05	2.84E-07
-0.001098528	5.82511E-05	4.38092E-05	2.90E-07
-0.001098528	7.81367E-05	4.39116E-05	2.78E-07
-0.001098528	0.000104811	4.38666E-05	2.85E-07
-0.001098528	0.000140591	4.43757E-05	2.90E-07
-0.001098528	0.000188585	4.43255E-05	2.94E-07
-0.001098528	0.000252963	4.63853E-05	3.08E-07
-0.001098528	0.000339319	5.5794E-05	9.54E-07
-0.001098528	0.000455155	0.000105412	2.56E-06
-0.001098528	0.000610534	0.000227772	4.81E-06
-0.001098528	0.000818956	0.000343636	6.27E-06
-0.001098528	0.001098528	0.000397692	6.25E-06
-0.001098528	0.001473539	0.000397431	5.96E-06
-0.001098528	0.001976571	0.00036025	5.77E-06
-0.001098528	0.002651326	0.000291779	4.62E-06
-0.001098528	0.003556426	0.000257349	4.43E-06
-0.001098528	0.004770506	0.000204789	3.79E-06
-0.001098528	0.006399045	0.00016634	3.37E-06
-0.001098528	0.008583529	0.000132095	2.81E-06
-0.001098528	0.011513744	0.000107854	2.46E-06
-0.001098528	0.015444265	8.00868E-05	1.79E-06
-0.001098528	0.020716574	6.58013E-05	1.84E-06
-0.001098528	0.027788725	5.62817E-05	1.90E-06
-0.001098528	0.037275143	4.05442E-05	1.28E-06
-0.001098528	0.05	3.34172E-05	1.16E-06

-0.000818956	0.00001	5.83387E-05	3.88E-07
-0.000818956	1.34138E-05	5.9289E-05	3.82E-07
-0.000818956	1.79929E-05	5.85446E-05	3.84E-07
-0.000818956	2.41353E-05	5.91746E-05	3.83E-07
-0.000818956	3.23745E-05	5.93177E-05	4.00E-07
-0.000818956	4.34264E-05	5.83188E-05	3.63E-07
-0.000818956	5.82511E-05	5.85926E-05	3.66E-07
-0.000818956	7.81367E-05	5.8819E-05	3.79E-07
-0.000818956	0.000104811	5.93983E-05	3.86E-07
-0.000818956	0.000140591	6.01784E-05	3.89E-07
-0.000818956	0.000188585	6.27683E-05	4.36E-07
-0.000818956	0.000252963	7.4523E-05	9.66E-07
-0.000818956	0.000339319	0.00013806	3.03E-06
-0.000818956	0.000455155	0.000289078	5.58E-06
-0.000818956	0.000610534	0.000424984	6.84E-06
-0.000818956	0.000818956	0.000493613	7.02E-06
-0.000818956	0.001098528	0.000506695	6.97E-06
-0.000818956	0.001473539	0.000454205	6.29E-06
-0.000818956	0.001976571	0.000386286	5.65E-06
-0.000818956	0.002651326	0.0003274	5.23E-06
-0.000818956	0.003556426	0.000255463	4.42E-06
-0.000818956	0.004770506	0.000207629	3.62E-06
-0.000818956	0.006399045	0.000166648	3.19E-06
-0.000818956	0.008583529	0.000136139	2.98E-06
-0.000818956	0.011513744	0.000109495	2.69E-06
-0.000818956	0.015444265	8.38225E-05	2.20E-06
-0.000818956	0.020716574	6.40958E-05	1.63E-06
-0.000818956	0.027788725	5.15834E-05	1.53E-06
-0.000818956	0.037275143	4.18629E-05	1.44E-06
-0.000818956	0.05	3.22168E-05	1.02E-06

-0.000610534	0.00001	7.81506E-05	5.09E-07
-0.000610534	1.34138E-05	7.8348E-05	5.05E-07
-0.000610534	1.79929E-05	7.87944E-05	5.37E-07
-0.000610534	2.41353E-05	7.89555E-05	5.30E-07
-0.000610534	3.23745E-05	7.94115E-05	5.19E-07
-0.000610534	4.34264E-05	7.8929E-05	5.17E-07
-0.000610534	5.82511E-05	7.9276E-05	5.23E-07
-0.000610534	7.81367E-05	8.06287E-05	5.11E-07
-0.000610534	0.000104811	8.08044E-05	5.38E-07
-0.000610534	0.000140591	8.46421E-05	5.96E-07
-0.000610534	0.000188585	0.000101589	1.79E-06
-0.000610534	0.000252963	0.000182383	3.92E-06
-0.000610534	0.000339319	0.000356251	6.25E-06
-0.000610534	0.000455155	0.000522778	7.78E-06
-0.000610534	0.000610534	0.000633727	8.09E-06
-0.000610534	0.000818956	0.000642507	8.61E-06
-0.000610534	0.001098528	0.000566327	7.39E-06
-0.000610534	0.001473539	0.000496518	6.68E-06
-0.000610534	0.001976571	0.000411034	6.19E-06
-0.000610534	0.002651326	0.000329168	5.12E-06
-0.000610534	0.003556426	0.000267385	4.45E-06
-0.000610534	0.004770506	0.000212638	3.79E-06
-0.000610534	0.006399045	0.000167109	3.40E-06
-0.000610534	0.008583529	0.000135923	2.95E-06
-0.000610534	0.011513744	0.000108127	2.23E-06
-0.000610534	0.015444265	8.22184E-05	2.15E-06
-0.000610534	0.020716574	6.73734E-05	1.98E-06
-0.000610534	0.027788725	5.32152E-05	1.58E-06
-0.000610534	0.037275143	4.1287E-05	1.35E-06
-0.000610534	0.05	3.4298E-05	1.46E-06

-0.000455155	0.00001	0.000105297	6.53E-07
-0.000455155	1.34138E-05	0.000105748	6.98E-07
-0.000455155	1.79929E-05	0.000105246	6.60E-07
-0.000455155	2.41353E-05	0.000106006	7.19E-07
-0.000455155	3.23745E-05	0.000105023	6.69E-07
-0.000455155	4.34264E-05	0.000106685	6.97E-07
-0.000455155	5.82511E-05	0.000106624	7.16E-07
-0.000455155	7.81367E-05	0.000109073	7.06E-07
-0.000455155	0.000104811	0.000111617	7.54E-07
-0.000455155	0.000140591	0.000132938	1.89E-06
-0.000455155	0.000188585	0.000233642	4.37E-06
-0.000455155	0.000252963	0.000453135	7.38E-06
-0.000455155	0.000339319	0.000688154	9.23E-06
-0.000455155	0.000455155	0.000779195	9.43E-06
-0.000455155	0.000610534	0.00079988	9.50E-06
-0.000455155	0.000818956	0.000718366	8.52E-06
-0.000455155	0.001098528	0.000624167	7.88E-06
-0.000455155	0.001473539	0.000520249	6.84E-06
-0.000455155	0.001976571	0.00042342	6.20E-06
-0.000455155	0.002651326	0.000347578	5.40E-06
-0.000455155	0.003556426	0.000283995	4.99E-06
-0.000455155	0.004770506	0.000218858	4.08E-06
-0.000455155	0.006399045	0.000174088	3.57E-06
-0.000455155	0.008583529	0.000135217	3.00E-06
-0.000455155	0.011513744	0.00010704	2.58E-06
-0.000455155	0.015444265	8.42854E-05	2.17E-06
-0.000455155	0.020716574	6.69689E-05	1.88E-06
-0.000455155	0.027788725	5.33108E-05	1.69E-06
-0.000455155	0.037275143	4.30241E-05	1.51E-06
-0.000455155	0.05	3.24022E-05	1.23E-06

-0.000339319	0.00001	0.000144584	9.20E-07
-0.000339319	1.34138E-05	0.000142012	8.93E-07
-0.000339319	1.79929E-05	0.000142041	9.21E-07
-0.000339319	2.41353E-05	0.000141664	8.90E-07
-0.000339319	3.23745E-05	0.000142805	9.39E-07
-0.000339319	4.34264E-05	0.000143452	8.90E-07
-0.000339319	5.82511E-05	0.00014757	9.48E-07
-0.000339319	7.81367E-05	0.000151438	1.01E-06
-0.000339319	0.000104811	0.000174964	2.02E-06
-0.000339319	0.000140591	0.000304168	5.21E-06
-0.000339319	0.000188585	0.000576531	8.58E-06
-0.000339319	0.000252963	0.000862759	1.08522E-05
-0.000339319	0.000339319	0.000976615	1.0963E-05
-0.000339319	0.000455155	0.001023932	1.10303E-05
-0.000339319	0.000610534	0.000930586	1.05263E-05
-0.000339319	0.000818956	0.000788254	8.83E-06
-0.000339319	0.001098528	0.000654802	7.76E-06
-0.000339319	0.001473539	0.00052674	6.73E-06
-0.000339319	0.001976571	0.000430167	5.91E-06
-0.000339319	0.002651326	0.000350458	5.28E-06
-0.000339319	0.003556426	0.000272643	4.57E-06
-0.000339319	0.004770506	0.000218654	3.95E-06
-0.000339319	0.006399045	0.000171908	3.24E-06
-0.000339319	0.008583529	0.000136879	2.94E-06
-0.000339319	0.011513744	0.000108507	2.43E-06
-0.000339319	0.015444265	8.22598E-05	2.06E-06
-0.000339319	0.020716574	6.64885E-05	1.85E-06
-0.000339319	0.027788725	5.23244E-05	1.53E-06
-0.000339319	0.037275143	4.33832E-05	1.65E-06
-0.000339319	0.05	3.36229E-05	1.32E-06

-0.000252963	0.00001	0.000188683	1.25E-06
-0.000252963	1.34138E-05	0.000192701	1.26E-06
-0.000252963	1.79929E-05	0.000190531	1.27E-06
-0.000252963	2.41353E-05	0.000193732	1.23E-06
-0.000252963	3.23745E-05	0.000192983	1.27E-06
-0.000252963	4.34264E-05	0.000196483	1.25E-06
-0.000252963	5.82511E-05	0.00020242	1.42E-06
-0.000252963	7.81367E-05	0.000234941	2.68E-06
-0.000252963	0.000104811	0.000391419	5.89E-06
-0.000252963	0.000140591	0.000719929	9.90E-06
-0.000252963	0.000188585	0.001065727	1.18872E-05
-0.000252963	0.000252963	0.001265587	1.30507E-05
-0.000252963	0.000339319	0.001241359	1.1946E-05
-0.000252963	0.000455155	0.001151785	1.11863E-05
-0.000252963	0.000610534	0.000992463	1.0684E-05
-0.000252963	0.000818956	0.00084614	9.15E-06
-0.000252963	0.001098528	0.000680107	8.12E-06
-0.000252963	0.001473539	0.000547864	7.05E-06
-0.000252963	0.001976571	0.000443779	6.21E-06
-0.000252963	0.002651326	0.000348649	5.27E-06
-0.000252963	0.003556426	0.000274273	4.49E-06
-0.000252963	0.004770506	0.000212165	3.91E-06
-0.000252963	0.006399045	0.000172039	3.45E-06
-0.000252963	0.008583529	0.000132778	2.76E-06
-0.000252963	0.011513744	0.000105861	2.30E-06
-0.000252963	0.015444265	8.32457E-05	2.08E-06
-0.000252963	0.020716574	6.62396E-05	1.82E-06
-0.000252963	0.027788725	5.16661E-05	1.51E-06
-0.000252963	0.037275143	4.36511E-05	1.61E-06
-0.000252963	0.05	3.22597E-05	1.18E-06

-0.000188585	0.00001	0.00025588	1.69E-06
-0.000188585	1.34138E-05	0.000255386	1.66E-06
-0.000188585	1.79929E-05	0.000257283	1.66E-06
-0.000188585	2.41353E-05	0.00025657	1.65E-06
-0.000188585	3.23745E-05	0.00026081	1.69E-06
-0.000188585	4.34264E-05	0.000268003	1.81E-06
-0.000188585	5.82511E-05	0.000313966	2.91E-06
-0.000188585	7.81367E-05	0.000509437	6.84E-06
-0.000188585	0.000104811	0.000915052	1.09965E-05
-0.000188585	0.000140591	0.001345996	1.44485E-05
-0.000188585	0.000188585	0.001571853	1.46034E-05
-0.000188585	0.000252963	0.001583882	1.48968E-05
-0.000188585	0.000339319	0.001447395	1.32235E-05
-0.000188585	0.000455155	0.001245328	1.21034E-05
-0.000188585	0.000610534	0.001057616	1.05532E-05
-0.000188585	0.000818956	0.000853461	9.32E-06
-0.000188585	0.001098528	0.000700552	8.36E-06
-0.000188585	0.001473539	0.000561043	7.08E-06
-0.000188585	0.001976571	0.000435537	6.22E-06
-0.000188585	0.002651326	0.00036106	5.40E-06
-0.000188585	0.003556426	0.000265224	3.89E-06
-0.000188585	0.004770506	0.000217521	3.81E-06
-0.000188585	0.006399045	0.0001735	3.28E-06
-0.000188585	0.008583529	0.000139273	2.92E-06
-0.000188585	0.011513744	0.000105498	2.44E-06
-0.000188585	0.015444265	8.86367E-05	2.32E-06
-0.000188585	0.020716574	6.62807E-05	1.81E-06
-0.000188585	0.027788725	5.27986E-05	1.66E-06
-0.000188585	0.037275143	4.31225E-05	1.48E-06
-0.000188585	0.05	3.7202E-05	1.67E-06

-0.000140591	0.00001	0.0003436	2.29E-06
-0.000140591	1.34138E-05	0.00034737	2.17E-06
-0.000140591	1.79929E-05	0.000345508	2.27E-06
-0.000140591	2.41353E-05	0.000349748	2.26E-06
-0.000140591	3.23745E-05	0.000363382	2.45E-06
-0.000140591	4.34264E-05	0.000413622	3.96E-06
-0.000140591	5.82511E-05	0.000646247	7.83E-06
-0.000140591	7.81367E-05	0.001145995	1.26264E-05
-0.000140591	0.000104811	0.001648137	1.60774E-05
-0.000140591	0.000140591	0.001980369	1.72372E-05
-0.000140591	0.000188585	0.001975143	1.6796E-05
-0.000140591	0.000252963	0.00177786	1.49249E-05
-0.000140591	0.000339319	0.001567783	1.38182E-05
-0.000140591	0.000455155	0.001302601	1.16618E-05
-0.000140591	0.000610534	0.001048991	1.00739E-05
-0.000140591	0.000818956	0.000870268	9.16E-06
-0.000140591	0.001098528	0.00069853	7.94E-06
-0.000140591	0.001473539	0.000561426	7.12E-06
-0.000140591	0.001976571	0.000443777	5.91E-06
-0.000140591	0.002651326	0.000349653	5.24E-06
-0.000140591	0.003556426	0.000283531	4.75E-06
-0.000140591	0.004770506	0.000224035	4.34E-06
-0.000140591	0.006399045	0.000174542	3.53E-06
-0.000140591	0.008583529	0.000142246	3.30E-06
-0.000140591	0.011513744	0.00010742	2.42E-06
-0.000140591	0.015444265	8.74846E-05	2.33E-06
-0.000140591	0.020716574	6.90943E-05	2.08E-06
-0.000140591	0.027788725	5.27592E-05	1.70E-06
-0.000140591	0.037275143	4.27361E-05	1.48E-06
-0.000140591	0.05	3.43468E-05	1.46E-06

-0.000104811	0.00001	0.000470603	3.19E-06
-0.000104811	1.34138E-05	0.000464654	2.97E-06
-0.000104811	1.79929E-05	0.000477981	2.97E-06
-0.000104811	2.41353E-05	0.000487169	3.24E-06
-0.000104811	3.23745E-05	0.000545785	4.46E-06
-0.000104811	4.34264E-05	0.000821512	9.41E-06
-0.000104811	5.82511E-05	0.001422078	1.47452E-05
-0.000104811	7.81367E-05	0.002071433	1.7203E-05
-0.000104811	0.000104811	0.002422655	1.91882E-05
-0.000104811	0.000140591	0.002468	1.8892E-05
-0.000104811	0.000188585	0.002245789	1.79178E-05
-0.000104811	0.000252963	0.00195906	1.51304E-05
-0.000104811	0.000339319	0.001662996	1.40864E-05
-0.000104811	0.000455155	0.001360335	1.20686E-05
-0.000104811	0.000610534	0.001096374	1.05844E-05
-0.000104811	0.000818956	0.000882103	9.53E-06
-0.000104811	0.001098528	0.000687706	8.13E-06
-0.000104811	0.001473539	0.000550017	6.92E-06
-0.000104811	0.001976571	0.00045665	6.21E-06
-0.000104811	0.002651326	0.000344717	5.00E-06
-0.000104811	0.003556426	0.000278865	4.64E-06
-0.000104811	0.004770506	0.00022504	4.16E-06
-0.000104811	0.006399045	0.000171351	3.21E-06
-0.000104811	0.008583529	0.000133059	2.75E-06
-0.000104811	0.011513744	0.00010519	2.38E-06
-0.000104811	0.015444265	8.56009E-05	2.27E-06
-0.000104811	0.020716574	6.43824E-05	1.55E-06
-0.000104811	0.027788725	5.19204E-05	1.45E-06
-0.000104811	0.037275143	4.22518E-05	1.39E-06
-0.000104811	0.05	3.16171E-05	1.06E-06

-7.81367E-05	0.00001	0.000626386	4.07E-06
-7.81367E-05	1.34138E-05	0.000632198	4.11E-06
-7.81367E-05	1.79929E-05	0.000648649	4.37E-06
-7.81367E-05	2.41353E-05	0.000727232	5.78E-06
-7.81367E-05	3.23745E-05	0.001062148	1.05982E-05
-7.81367E-05	4.34264E-05	0.001758906	1.62722E-05
-7.81367E-05	5.82511E-05	0.002526986	2.11283E-05
-7.81367E-05	7.81367E-05	0.003005416	2.10508E-05
-7.81367E-05	0.000104811	0.003056073	2.22168E-05
-7.81367E-05	0.000140591	0.002777294	1.97865E-05
-7.81367E-05	0.000188585	0.002479355	1.82182E-05
-7.81367E-05	0.000252963	0.002030613	1.59043E-05
-7.81367E-05	0.000339319	0.001706166	1.39796E-05
-7.81367E-05	0.000455155	0.00139362	1.28883E-05
-7.81367E-05	0.000610534	0.001094536	1.05846E-05
-7.81367E-05	0.000818956	0.000898414	9.65E-06
-7.81367E-05	0.001098528	0.00069651	7.68E-06
-7.81367E-05	0.001473539	0.000560289	7.15E-06
-7.81367E-05	0.001976571	0.000446075	6.00E-06
-7.81367E-05	0.002651326	0.000346609	5.02E-06
-7.81367E-05	0.003556426	0.000270804	4.26E-06
-7.81367E-05	0.004770506	0.000221219	4.06E-06
-7.81367E-05	0.006399045	0.00017587	3.45E-06
-7.81367E-05	0.008583529	0.000144213	3.17E-06
-7.81367E-05	0.011513744	0.000109342	2.62E-06
-7.81367E-05	0.015444265	8.61933E-05	2.20E-06
-7.81367E-05	0.020716574	6.81433E-05	1.95E-06
-7.81367E-05	0.027788725	5.34609E-05	1.70E-06
-7.81367E-05	0.037275143	4.16546E-05	1.33E-06
-7.81367E-05	0.05	3.15821E-05	9.00E-07

-5.82511E-05	0.00001	0.000844482	5.67E-06
-5.82511E-05	1.34138E-05	0.000886991	5.88E-06
-5.82511E-05	1.79929E-05	0.000966927	7.23E-06
-5.82511E-05	2.41353E-05	0.001374247	1.20228E-05
-5.82511E-05	3.23745E-05	0.002216795	2.00303E-05
-5.82511E-05	4.34264E-05	0.003117304	2.29305E-05
-5.82511E-05	5.82511E-05	0.003697652	2.609E-05
-5.82511E-05	7.81367E-05	0.003759049	2.48974E-05
-5.82511E-05	0.000104811	0.003478221	2.29683E-05
-5.82511E-05	0.000140591	0.003036742	2.17835E-05
-5.82511E-05	0.000188585	0.002576007	1.81723E-05
-5.82511E-05	0.000252963	0.002114048	1.65612E-05
-5.82511E-05	0.000339319	0.001724277	1.41622E-05
-5.82511E-05	0.000455155	0.001406962	1.28065E-05
-5.82511E-05	0.000610534	0.001097628	1.05468E-05
-5.82511E-05	0.000818956	0.00089308	9.09E-06
-5.82511E-05	0.001098528	0.00071545	8.29E-06
-5.82511E-05	0.001473539	0.000563463	7.11E-06
-5.82511E-05	0.001976571	0.000443512	6.11E-06
-5.82511E-05	0.002651326	0.000350578	5.26E-06
-5.82511E-05	0.003556426	0.000277082	4.36E-06
-5.82511E-05	0.004770506	0.000228645	4.13E-06
-5.82511E-05	0.006399045	0.000167994	3.06E-06
-5.82511E-05	0.008583529	0.000139347	3.23E-06
-5.82511E-05	0.011513744	0.000105095	2.22E-06
-5.82511E-05	0.015444265	8.5777E-05	2.19E-06
-5.82511E-05	0.020716574	6.77693E-05	1.84E-06
-5.82511E-05	0.027788725	5.7193E-05	1.78E-06
-5.82511E-05	0.037275143	4.26739E-05	1.68E-06
-5.82511E-05	0.05	3.45817E-05	1.43E-06

-4.34264E-05	0.00001	0.001177075	7.68E-06
-4.34264E-05	1.34138E-05	0.001280071	8.91E-06
-4.34264E-05	1.79929E-05	0.001785102	1.45059E-05
-4.34264E-05	2.41353E-05	0.002750711	2.17213E-05
-4.34264E-05	3.23745E-05	0.003838569	2.5875E-05
-4.34264E-05	4.34264E-05	0.004507544	2.80097E-05
-4.34264E-05	5.82511E-05	0.004614217	2.89228E-05
-4.34264E-05	7.81367E-05	0.004245242	2.74649E-05
-4.34264E-05	0.000104811	0.003764193	2.43171E-05
-4.34264E-05	0.000140591	0.003220074	2.19526E-05
-4.34264E-05	0.000188585	0.002698252	1.86569E-05
-4.34264E-05	0.000252963	0.002165781	1.64114E-05
-4.34264E-05	0.000339319	0.001736437	1.37141E-05
-4.34264E-05	0.000455155	0.00143141	1.27603E-05
-4.34264E-05	0.000610534	0.001128457	1.09026E-05
-4.34264E-05	0.000818956	0.000914662	9.74E-06
-4.34264E-05	0.001098528	0.000704826	8.13E-06
-4.34264E-05	0.001473539	0.000569298	6.75E-06
-4.34264E-05	0.001976571	0.000441093	5.76E-06
-4.34264E-05	0.002651326	0.000355114	5.01E-06
-4.34264E-05	0.003556426	0.000282876	4.63E-06
-4.34264E-05	0.004770506	0.000214441	3.56E-06
-4.34264E-05	0.006399045	0.000172682	3.32E-06
-4.34264E-05	0.008583529	0.00013574	3.08E-06
-4.34264E-05	0.011513744	0.000106863	2.50E-06
-4.34264E-05	0.015444265	8.54558E-05	2.09E-06
-4.34264E-05	0.020716574	6.60512E-05	1.93E-06
-4.34264E-05	0.027788725	5.33856E-05	1.47E-06
-4.34264E-05	0.037275143	4.38399E-05	1.54E-06
-4.34264E-05	0.05	3.2993E-05	9.86E-07

-3.23745E-05	0.00001	0.001717712	1.18816E-05
-3.23745E-05	1.34138E-05	0.002249327	1.73813E-05
-3.23745E-05	1.79929E-05	0.003436025	2.64286E-05
-3.23745E-05	2.41353E-05	0.004657821	3.03748E-05
-3.23745E-05	3.23745E-05	0.005513174	3.37973E-05
-3.23745E-05	4.34264E-05	0.005624095	3.17411E-05
-3.23745E-05	5.82511E-05	0.005314971	3.07666E-05
-3.23745E-05	7.81367E-05	0.004670262	2.68851E-05
-3.23745E-05	0.000104811	0.004006676	2.48054E-05
-3.23745E-05	0.000140591	0.003286982	2.1602E-05
-3.23745E-05	0.000188585	0.002723862	1.88455E-05
-3.23745E-05	0.000252963	0.002203878	1.60097E-05
-3.23745E-05	0.000339319	0.001759644	1.47784E-05
-3.23745E-05	0.000455155	0.0014153	1.35378E-05
-3.23745E-05	0.000610534	0.001146481	1.09027E-05
-3.23745E-05	0.000818956	0.000916578	9.43E-06
-3.23745E-05	0.001098528	0.000722468	8.35E-06
-3.23745E-05	0.001473539	0.000564657	6.93E-06
-3.23745E-05	0.001976571	0.000450021	5.88E-06
-3.23745E-05	0.002651326	0.000359921	5.58E-06
-3.23745E-05	0.003556426	0.000277237	4.47E-06
-3.23745E-05	0.004770506	0.00021732	3.66E-06
-3.23745E-05	0.006399045	0.000177155	3.60E-06
-3.23745E-05	0.008583529	0.000137277	3.04E-06
-3.23745E-05	0.011513744	0.000107787	2.61E-06
-3.23745E-05	0.015444265	8.9346E-05	2.48E-06
-3.23745E-05	0.020716574	6.68859E-05	1.91E-06
-3.23745E-05	0.027788725	5.57614E-05	1.74E-06
-3.23745E-05	0.037275143	4.17677E-05	1.18E-06
-3.23745E-05	0.05	3.29973E-05	1.10E-06

-2.41353E-05	0.00001	0.002899766	2.03032E-05
-2.41353E-05	1.34138E-05	0.004207627	2.91717E-05
-2.41353E-05	1.79929E-05	0.005638907	3.52995E-05
-2.41353E-05	2.41353E-05	0.006625388	3.67106E-05
-2.41353E-05	3.23745E-05	0.006819618	3.71514E-05
-2.41353E-05	4.34264E-05	0.006449807	3.54603E-05
-2.41353E-05	5.82511E-05	0.005748681	3.10666E-05
-2.41353E-05	7.81367E-05	0.004894043	2.81776E-05
-2.41353E-05	0.000104811	0.004111521	2.47076E-05
-2.41353E-05	0.000140591	0.003375334	2.22983E-05
-2.41353E-05	0.000188585	0.002767843	1.91786E-05
-2.41353E-05	0.000252963	0.002211351	1.62582E-05
-2.41353E-05	0.000339319	0.001799729	1.41569E-05
-2.41353E-05	0.000455155	0.001423244	1.20459E-05
-2.41353E-05	0.000610534	0.00112988	1.06084E-05
-2.41353E-05	0.000818956	0.000910084	9.65E-06
-2.41353E-05	0.001098528	0.00071705	8.19E-06
-2.41353E-05	0.001473539	0.000568812	7.38E-06
-2.41353E-05	0.001976571	0.000452721	6.06E-06
-2.41353E-05	0.002651326	0.000350274	5.06E-06
-2.41353E-05	0.003556426	0.000279842	4.52E-06
-2.41353E-05	0.004770506	0.000226778	4.11E-06
-2.41353E-05	0.006399045	0.000170021	3.08E-06
-2.41353E-05	0.008583529	0.000141626	3.14E-06
-2.41353E-05	0.011513744	0.000112839	2.97E-06
-2.41353E-05	0.015444265	9.01105E-05	2.34E-06
-2.41353E-05	0.020716574	6.46821E-05	1.71E-06
-2.41353E-05	0.027788725	5.09693E-05	1.33E-06
-2.41353E-05	0.037275143	4.41733E-05	1.57E-06
-2.41353E-05	0.05	3.11799E-05	9.28E-07

-1.79929E-05	0.00001	0.005114057	3.20286E-05
-1.79929E-05	1.34138E-05	0.006806144	4.0445E-05
-1.79929E-05	1.79929E-05	0.00796297	4.13793E-05
-1.79929E-05	2.41353E-05	0.008197009	4.09043E-05
-1.79929E-05	3.23745E-05	0.007789491	3.9431E-05
-1.79929E-05	4.34264E-05	0.007031356	3.48678E-05
-1.79929E-05	5.82511E-05	0.006077689	3.24737E-05
-1.79929E-05	7.81367E-05	0.005094118	2.90251E-05
-1.79929E-05	0.000104811	0.004224219	2.48406E-05
-1.79929E-05	0.000140591	0.003454637	2.18513E-05
-1.79929E-05	0.000188585	0.002811013	1.88013E-05
-1.79929E-05	0.000252963	0.002228475	1.68864E-05
-1.79929E-05	0.000339319	0.001784603	1.42101E-05
-1.79929E-05	0.000455155	0.0014534	1.32286E-05
-1.79929E-05	0.000610534	0.001149439	1.10835E-05
-1.79929E-05	0.000818956	0.000887955	8.79E-06
-1.79929E-05	0.001098528	0.000710218	8.04E-06
-1.79929E-05	0.001473539	0.000548973	6.56E-06
-1.79929E-05	0.001976571	0.000451352	5.85E-06
-1.79929E-05	0.002651326	0.000348912	5.02E-06
-1.79929E-05	0.003556426	0.000271248	4.33E-06
-1.79929E-05	0.004770506	0.000218473	3.98E-06
-1.79929E-05	0.006399045	0.000167043	3.03E-06
-1.79929E-05	0.008583529	0.000137544	2.79E-06
-1.79929E-05	0.011513744	0.000113031	2.74E-06
-1.79929E-05	0.015444265	8.36012E-05	2.06E-06
-1.79929E-05	0.020716574	6.79199E-05	2.10E-06
-1.79929E-05	0.027788725	5.25979E-05	1.49E-06
-1.79929E-05	0.037275143	4.27608E-05	1.51E-06
-1.79929E-05	0.05	3.36925E-05	1.22E-06

-1.34138E-05	0.00001	0.008143191	4.18293E-05
-1.34138E-05	1.34138E-05	0.009464979	4.72922E-05
-1.34138E-05	1.79929E-05	0.009840568	4.5582E-05
-1.34138E-05	2.41353E-05	0.009408919	4.51096E-05
-1.34138E-05	3.23745E-05	0.008456123	4.18626E-05
-1.34138E-05	4.34264E-05	0.007403586	3.48241E-05
-1.34138E-05	5.82511E-05	0.006277982	3.43039E-05
-1.34138E-05	7.81367E-05	0.005277304	2.88291E-05
-1.34138E-05	0.000104811	0.004210155	2.58673E-05
-1.34138E-05	0.000140591	0.003463774	2.156E-05
-1.34138E-05	0.000188585	0.002820511	1.90202E-05
-1.34138E-05	0.000252963	0.002225927	1.72011E-05
-1.34138E-05	0.000339319	0.001819196	1.45683E-05
-1.34138E-05	0.000455155	0.00143699	1.27961E-05
-1.34138E-05	0.000610534	0.001148742	1.04956E-05
-1.34138E-05	0.000818956	0.000898849	9.69E-06
-1.34138E-05	0.001098528	0.000717411	8.45E-06
-1.34138E-05	0.001473539	0.000557953	6.87E-06
-1.34138E-05	0.001976571	0.000447432	5.75E-06
-1.34138E-05	0.002651326	0.000352495	5.32E-06
-1.34138E-05	0.003556426	0.00028489	4.86E-06
-1.34138E-05	0.004770506	0.000220089	4.15E-06
-1.34138E-05	0.006399045	0.000175397	3.48E-06
-1.34138E-05	0.008583529	0.000143917	3.10E-06
-1.34138E-05	0.011513744	0.000105766	2.41E-06
-1.34138E-05	0.015444265	8.58038E-05	2.14E-06
-1.34138E-05	0.020716574	6.36013E-05	1.54E-06
-1.34138E-05	0.027788725	5.42205E-05	1.53E-06
-1.34138E-05	0.037275143	4.1579E-05	1.34E-06
-1.34138E-05	0.05	3.18952E-05	1.05E-06

-0.00001	0.00001	0.011141491	5.35064E-05
-0.00001	1.34138E-05	0.011578837	5.25596E-05
-0.00001	1.79929E-05	0.011300646	4.95595E-05
-0.00001	2.41353E-05	0.01026507	4.48133E-05
-0.00001	3.23745E-05	0.008958034	4.1674E-05
-0.00001	4.34264E-05	0.007679247	3.79106E-05
-0.00001	5.82511E-05	0.006412525	3.26704E-05
-0.00001	7.81367E-05	0.005271644	2.93947E-05
-0.00001	0.000104811	0.004321891	2.52056E-05
-0.00001	0.000140591	0.003457365	2.14243E-05
-0.00001	0.000188585	0.002820004	1.84452E-05
-0.00001	0.000252963	0.002292319	1.72978E-05
-0.00001	0.000339319	0.001778776	1.44487E-05
-0.00001	0.000455155	0.001419643	1.20619E-05
-0.00001	0.000610534	0.001154321	1.061E-05
-0.00001	0.000818956	0.000908808	9.13E-06
-0.00001	0.001098528	0.000716908	8.14E-06
-0.00001	0.001473539	0.000574306	7.50E-06
-0.00001	0.001976571	0.000444106	5.68E-06
-0.00001	0.002651326	0.000349956	5.38E-06
-0.00001	0.003556426	0.000280605	4.49E-06
-0.00001	0.004770506	0.000217017	3.84E-06
-0.00001	0.006399045	0.000171806	3.09E-06
-0.00001	0.008583529	0.000141438	3.17E-06
-0.00001	0.011513744	0.000108884	2.58E-06
-0.00001	0.015444265	8.61178E-05	2.25E-06
-0.00001	0.020716574	6.91748E-05	1.97E-06
-0.00001	0.027788725	5.07331E-05	1.42E-06
-0.00001	0.037275143	4.12382E-05	1.30E-06
-0.00001	0.05	3.19489E-05	1.00E-06
